10048	0.150960695015098
10106	0.151921390030196
10273	0.15260520606863495
10275	0.15775046768211437
10297	0.15260520606863495
10892	0.15190302942123593
1091	0.1523265772106453
11047	0.16416668129284567
1126	0.1530056034288685
11877	0.19425371372426245
11948	0.16546343526770557
12006	0.1980861450143328
12028	0.1519318220458551
1299	0.1530056034288685
13126	0.15272219108991203
1335	0.1530056034288685
1417	0.1530056034288685
1438	0.1530056034288685
1543	0.1530056034288685
2154	0.191355291760157
2159	0.1564316630296307
2257	0.2549172421200253
2337	0.15473474082808725
2356	0.8755588040246693
2862	0.16668822679506157
2937	0.15195628771111538
2952	0.18541376311010377
3396	0.15582317036214752
3772	0.15275889377883806
3822	0.25958974983557753
477	1.293477885307416
4812	0.1702481448534391
483	0.15953258719360314
4937	0.15562112182087048
5192	0.33722918065270285
5193	0.15193182010233922
5232	0.9315708784762231
5263	0.15193182010233922
5321	0.16927390997133357
5776	0.18072869574345632
72	11.354143014872939
7719	0.15107144596831418
7768	0.15303298483258396
7816	0.1527944193515188
7845	0.15107144596831418
7849	0.15107144596831418
7855	0.15532144903625472
8439	0.1569423544544637
9339	0.15440030164754226
9810	0.1617013694048103
9997	0.15440030164754226
