104	0.15219053447934677;2.577360065019675E-6;best;3;1
105	2.9114048758283735;4.930489721804558E-5;movies;3;1
11	14.285737178198696;0.24773653864545486;best movies;3;2
110	0.1514035796806403;2.564032916402315E-6;action;3;1
113	6.892206124417652;1.1672011591081394E-4;best;3;1
114	0.15516782020910172;2.6277806602838613E-6;best;3;1
116	2.906682621654798;4.922492542896235E-5;best;3;1
120	0.15088124853426937;2.5551871925734454E-6;best;3;1
123	0.5660237149577462;9.585661314463347E-6;movies;3;1
125	2.118774931541422;0.03674279886024177;action best;3;2
128	0.39417072722094326;0.006835523458047484;best movies;3;2
130	6.408837013084675;1.0853421756650705E-4;movies;3;1
14	0.3900532907453498;6.605586728739687E-6;best;3;1
17	2.911404875828372;4.930489721804556E-5;movies;3;1
18	4.175618421950986;7.071446463023906E-5;action;3;1
19	22.558286029745776;0.3911951920347453;best movies;3;2
2	1.6908752867802188;2.8635121454727748E-5;best;3;1
20	0.39005329074535;6.605586728739691E-6;movies;3;1
21	2.090007891715469;0.036243934378510055;movies best;3;2
22	1.238437283436685;2.097304414023413E-5;best;3;1
23	2.911404875828373;0.05048821475127867;action movies;3;2
24	3.211722864803571;5.4390808731791746E-5;best;3;1
27	22.558286029745798;0.3911951920347457;best movies;3;2
28	0.39005329074535;6.605586728739691E-6;action;3;1
3	0.4412322907772416;0.00765164297034489;best movies;3;2
30	1.338273437694641;2.2663778179048604E-5;best;3;1
33	0.39005329074535;6.605586728739691E-6;movies;3;1
34	2.0946305564725134;3.547275240008321E-5;best;3;1
38	2.9114048758283695;0.050488214751278605;movies best;3;2
4	5.316882912470819;9.004187898983587E-5;best;3;1
41	22.55828602974596;0.3911951920347485;movies best;3;2
50	11.354143014872939;0.19689821076106098;movies best;3;2
55	2.9114048758283784;0.05048821475127876;best movies;3;2
56	11.354143014872916;0.19689821076106057;best movies;3;2
6	2.5164068945566176;0.04363834544236103;movies best;3;2
62	6.688804828841615;1.1327549710988527E-4;action;3;1
64	2.9114048758283784;4.930489721804566E-5;movies;3;1
65	11.35414301487294;0.196898210761061;best movies;3;2
69	6.908010311002169;1.1698776119836355E-4;best;3;1
70	11.827015662404852;2.0029154875450647E-4;best;3;1
71	1.036181527625358;1.754782515580887E-5;best;3;1
72	11.354143014872939;0.19689821076106098;movies best;3;2
75	2.9114048758283704;2.9114048758283704;movies best action;3;3
77	10.197504172487015;1.7269562858790184E-4;best;3;1
80	2.9114048758283753;4.930489721804561E-5;movies;3;1
83	1.0503486026607163;1.7787745815521284E-5;best;3;1
97	2.9114048758283717;4.9304897218045554E-5;best;3;1
